Date,Description,Withdrawals,Deposits,Balance
1-Aug-12,Balance forward,,,25000
3-Aug-12,EFT,,20500,45500
5-Aug-12,CHQ#659,6050,,39450
6-Aug-12,CHQ#660,15000,,24450
13-Aug-12,NSF Cheque,6400,,18050
15-Aug-12,Service charge,130,,17920
24-Aug-12,CHQ#662,9680,,8240
26-Aug-12,EFT - office rent,1300,,6940
27-Aug-12,Deposit,,30600,37540
31-Aug-12,Interest,,55,37595
31-Aug-12,CHQ#664,6368,,31227